Aug = [1,-1, 1, 29; 1, 1, 1, 4; 25, 5, 1, 26];
